392
368
344
262
240
242
270
272
262
238
278
242
256
242
240
258
276
238
240
270
264
268
264
270
272
256
316
296
242
262
258
240
260
274
276
274
262
262
240
242
258
244
240
260
266
264
244
260
274
274
254
262
262
242
264
266
242
242
266
268
270
276
238
258
244
240
278
238
248
274
256
262
280
276
240
240
264
246
240
244
266
258
268
262
264
278
264
278
266
270
274
268
272
266
246
268
266
244
268
264
244
272
268
274
306
302
240
242
262
266
240
262
264
244
242
282
270
266
236
238
264
242
240
264
274
260
244
242
240
270
240
244
278
266
266
288
242
270
268
242
258
258
268
236
240
262
268
242
260
244
246
244
258
268
268
238
262
270
258
266
274
278
244
270
242
242
282
242
274
254
264
274
268
240
246
244
244
264
246
258
244
238
270
244
278
238
246
248
258
238
272
244
582
244
242
240
244
266
268
248
264
262
238
242
240
274
268
242
242
270
282
242
278
278
240
242
258
246
272
238
242
276
290
268
244
242
244
246
244
246
276
238
272
272
262
244
242
284
262
258
244
242
268
274
244
252
270
244
256
286
238
258
258
242
248
246
278
238
274
246
260
242
262
242
268
242
238
262
268
258
274
240
240
242
278
270
278
256
278
238
238
240
244
238
244
238
240
270
240
270
280
264
242
236
242
266
244
242
240
260
260
266
238
248
238
262
240
240
244
266
242
282
240
244
256
248
270
270
238
270
260
268
244
240
260
266
266
248
244
264
238
244
254
258
236
276
242
238
268
248
256
262
244
242
242
254
242
262
256
276
262
242
264
236
244
272
258
254
244
240
246
256
260
246
256
256
240
238
266
260
244
240
252
238
240
242
246
260
242
262
270
244
272
238
244
256
236
238
262
274
246
262
240
266
240
242
268
246
240
238
236
244
244
258
262
240
242
256
240
240
240
238
248
258
242
240
244
240
240
244
240
264
266
244
244
242
258
238
248
242
238
242
274
242
262
268
236
238
238
266
242
290
240
410
262
264
278
242
260
254
244
286
244
274
260
238
270
242
246
244
254
264
876
306
244
240
268
246
304
246
264
248
244
258
260
244
242
264
244
244
274
260
272
290
256
268
264
288
560
264
242
260
244
266
246
274
242
240
246
242
248
260
240
244
238
238
244
270
294
274
288
278
244
292
248
240
258
242
240
238
240
244
240
246
238
286
310
240
282
242
268
238
240
254
266
246
242
240
286
238
242
262
244
242
246
268
264
242
254
242
240
242
274
286
246
238
242
242
282
244
242
236
242
234
264
260
236
256
254
292
242
268
238
242
240
240
260
244
240
246
240
238
262
570
262
288
238
242
272
236
238
266
240
280
242
238
264
278
268
274
244
240
242
244
238
270
240
242
260
244
240
272
240
284
238
284
254
264
260
240
242
286
242
240
240
240
262
256
242
240
342
278
276
246
244
240
240
244
262
244
242
240
238
258
240
268
236
244
238
242
240
244
282
240
266
254
242
242
238
284
238
276
242
266
240
268
242
240
254
238
340
242
278
270
286
236
288
276
242
262
268
248
248
238
246
252
268
244
246
246
242
238
254
238
584
238
242
242
246
240
244
262
240
244
246
258
244
272
240
244
242
240
244
240
274
242
244
260
270
262
558
262
240
260
286
274
316
284
270
478
290
316
294
292
260
288
288
298
278
310
292
244
276
308
312
270
318
300
286
332
322
758
294
352
456
322
780
524
320
284
270
332
300
654
292
284
306
288
304
338
286
314
306
300
296
376
376
316
318
322
296
294
308
334
298
334
404
728
678
364
298
376
290
284
316
316
284
442
326
280
258
262
294
290
418
340
288
490
276
570
316
272
264
318
300
294
316
316
326
288
430
240
278
292
396
258
240
258
314
444
260
242
266
314
258
334
324
308
298
418
268
266
244
296
322
572
316
236
316
266
302
254
436
266
296
298
2020
1776
318
344
242
296
338
314
366
258
258
288
258
260
592
446
312
306
320
312
244
286
304
262
584
236
322
240
308
260
300
266
260
240
562
302
294
268
290
280
300
244
298
264
296
414
298
244
298
256
244
502
406
258
238
278
304
260
254
310
288
240
244
296
288
660
236
296
300
284
262
242
238
258
246
264
240
290
430
256
306
296
240
298
280
236
260
262
268
310
288
268
242
270
238
436
242
264
268
688
244
298
240
898
294
390
242
266
290
268
240
244
242
242
238
304
280
290
592
1756
242
272
264
242
242
244
600
258
486
300
558
622
558
352
278
238
240
244
304
244
242
244
294
314
242
244
314
276
464
276
260
314
268
298
242
318
278
238
266
304
242
308
242
374
444
338
330
322
664
360
474
278
318
260
322
592
280
238
852
576
240
298
294
238
238
280
242
260
240
488
300
552
254
238
240
304
238
300
258
282
354
246
312
300
318
260
274
578
240
242
240
294
242
244
970
244
246
240
312
294
300
294
238
292
290
238
242
622
240
238
572
292
272
242
258
242
262
240
280
484
374
302
340
326
356
324
284
340
324
728
326
276
318
712
266
318
328
300
266
310
266
324
292
264
952
676
272
258
374
290
300
63920
346
326
394
320
310
298
322
396
332
300
328
300
324
300
290
286
308
282
304
300
304
314
330
322
294
286
314
312
260
294
300
300
314
302
264
302
258
272
316
436
298
314
262
314
308
328
312
242
302
308
300
666
304
258
316
674
598
368
244
346
270
308
302
668
422
294
254
316
266
298
260
270
260
298
296
256
284
314
292
296
294
312
240
244
246
258
300
238
482
302
398
318
306
256
296
418
244
352
240
236
242
288
290
310
300
310
264
240
292
298
290
300
298
242
242
246
240
700
274
294
284
262
300
254
268
240
254
240
318
284
262
240
306
300
298
336
240
296
270
268
256
614
248
704
262
302
294
326
298
870
242
294
298
590
296
266
242
298
238
256
342
242
334
312
240
310
294
294
430
254
330
274
246
260
262
296
282
300
298
264
236
242
262
260
580
290
304
300
362
278
262
244
246
276
290
1218
244
570
268
318
300
262
272
468
866
304
240
370
258
304
240
270
240
244
240
242
342
242
244
302
308
302
266
238
300
314
344
318
308
344
282
264
318
294
356
322
310
332
262
308
298
288
262
290
356
330
326
412
302
262
282
896
300
258
330
298
286
292
240
240
304
346
242
240
246
264
304
254
302
1288
302
262
304
294
254
264
272
240
258
270
308
240
240
284
268
266
298
464
1826
672
300
310
274
338
256
300
240
242
422
710
274
258
282
244
280
342
312
268
280
292
574
282
296
242
274
256
266
264
370
270
306
610
568
306
620
294
250
344
272
942
526
850
270
270
268
258
294
272
290
620
298
242
272
892
316
270
298
292
240
242
256
266
274
298
894
248
304
298
302
296
244
244
272
240
266
1172
306
314
260
310
620
302
312
268
240
240
262
268
244
246
242
582
286
300
314
306
258
240
1224
266
312
284
600
236
298
260
1182
618
248
304
310
242
558
246
244
304
556
236
284
282
948
576
290
1420
288
292
574
246
488
242
272
302
568
266
310
258
338
